sumOfBase:7
sumOfChannels:25
powerOfBase:[20, 1, 1, 1, 1, 1, 1]
locationOfBase:[[0, 0], [346, 200], [0, 400], [-346, 200], [-346, -200], [0, -400], [346, -200]]
sumOfUser:35
locationOfUser:[[396.51328693867123, 286.25049615621776], [269.3906857173715, 214.1657243854507], [310.90602837594736, 225.57423617901853], [253.13920918367467, 175.25189915801442], [-31.60241177336, 349.74181689456225], [30.695329125242417, 338.59067968215066], [13.87880185212207, 403.9382766008667], [51.9508080878668, 465.4579238633104], [-331.6296785202173, 138.2035362449214], [-284.8506299747007, 122.52494288696553], [-403.09012035219575, 222.5659410809586], [-317.348163799316, 284.2031968990723], [-324.4441942632699, -273.4783426711872], [-394.49746511824236, -215.88322754646003], [-361.03267797021056, -296.5261058923736], [-358.89599389363474, -178.944491154911], [60.54130086553875, -425.9817870861684], [55.48189661654489, -475.87331229309757], [-80.7260365717118, -397.4632865697077], [11.245652431190765, -397.86057982083906], [421.43956960146795, -207.44762334009442], [373.73738846192066, -260.480593978398], [350.53004722102435, -139.63852341867437], [413.4790169979844, -152.68059815612133], [72.26829970187276, -127.94366345457404], [-106.61324936887254, 279.64752422906776], [-3.295220232069813, 95.91857003914072], [42.70153506972366, 273.0738190887186], [-24.676640658737064, -216.7038391577961], [-11.55317093971234, 137.40073210969166], [-132.72570722047263, -266.19719227326743], [-11.854389260087322, 105.47376957010182], [-295.4047703362621, -43.187191264635864], [-11.626851821143452, 264.70520434543585], [-84.01360735161352, -180.10570946095652]]
sumOfVideo4
baseCapacity:[200, 50, 50, 50, 50, 50, 50]
VNTimes:88
VN:[[0, 1, 1, 0, 1, 1, 1, 0, 0, 0, 1, 0, 0, 0, 1, 1, 0, 1, 0, 0, 1, 0, 0, 1, 0, 0, 1, 0, 0, 1, 0, 1, 0, 1, 0], [1, 1, 1, 1, 1, 1, 1, 1, 1, 1, 1, 1, 0, 0, 0, 1, 0, 0, 1, 1, 0, 1, 0, 1, 1, 1, 1, 1, 1, 0, 1, 1, 1, 0, 0], [1, 1, 1, 1, 1, 0, 1, 1, 1, 1, 1, 1, 1, 0, 1, 1, 1, 1, 1, 1, 0, 1, 1, 1, 1, 1, 1, 0, 1, 1, 1, 0, 1, 0, 0], [1, 0, 1, 1, 1, 1, 1, 1, 1, 1, 0, 1, 1, 1, 1, 1, 1, 0, 0, 0, 1, 1, 1, 1, 0, 0, 0, 1, 0, 0, 0, 0, 0, 0, 0]]
noiseOfBase:[3.1999999999999997e-12, 1e-10, 1e-10, 1e-10, 1e-10, 1e-10, 1e-10]
sizeOfPopulation:50
iterations:3000
