sumOfBase:7
sumOfChannels:25
powerOfBase:[20, 1, 1, 1, 1, 1, 1]
locationOfBase:[[0, 0], [346, 200], [0, 400], [-346, 200], [-346, -200], [0, -400], [346, -200]]
sumOfUser:20
locationOfUser:[[290.59335896546025, 179.44438394928363], [286.5857055888837, 266.2338621090076], [43.82315893166002, 314.397029573865], [-89.2098042058775, 385.5550552505592], [-299.27785566998665, 138.49154351762365], [-320.1377122097405, 229.79407159259515], [-433.581780075872, -201.3675299336845], [-375.40963005560604, -159.03843014510284], [-57.7571467956103, -430.7565664337118], [78.63767377024493, -357.092224878442], [397.27095691243136, -191.45807519629062], [299.1413918319074, -133.82813769520013], [223.24444334900642, -61.687609655886696], [-18.410069871647913, 320.29948981730615], [-137.4978824530342, -61.26024882336643], [296.3917729200004, 89.559115198083], [-86.30796661228914, 176.428751725052], [-237.00709341781445, -26.051027155437524], [44.44604966760886, -130.85910700965184], [246.1556260209924, 138.96909216136973]]
sumOfVideo4
baseCapacity:[200, 50, 50, 50, 50, 50, 50]
VNTimes:56
VN:[[1, 1, 1, 1, 0, 0, 1, 1, 1, 1, 1, 1, 0, 0, 0, 1, 0, 1, 1, 1], [1, 1, 1, 1, 1, 1, 1, 1, 0, 1, 0, 1, 1, 1, 0, 0, 0, 1, 1, 1], [1, 1, 1, 0, 1, 1, 1, 0, 0, 0, 1, 1, 1, 1, 0, 0, 1, 0, 1, 0], [1, 1, 1, 1, 1, 1, 1, 1, 1, 0, 1, 1, 0, 0, 1, 0, 1, 1, 1, 0]]
noiseOfBase:[3.1999999999999997e-12, 1e-10, 1e-10, 1e-10, 1e-10, 1e-10, 1e-10]
sizeOfPopulation:50
iterations:3000
