sumOfBase:7locationOfBase:[[0, 0], [346, 200], [0, 400], [-346, 200], [-346, -200], [0, -400], [346, -200]]
sumOfUser:30
locationOfUser:[[399.59413192549425, 202.17265320257155], [433.67031109477176, 243.2511996717791], [355.94812711853825, 130.29866820493834], [336.0213785186953, 158.11956202575186], [40.187964896169845, 327.9027832245315], [-57.676308608070535, 420.7128629554954], [4.9112317747963, 483.2350310906051], [-66.63843912992044, 380.21683501837344], [-424.3015612082439, 183.19194229432586], [-327.13553454055557, 178.26002275691812], [-305.92545207536796, 221.2938200783817], [-405.35961915801136, 152.88700650297082], [-304.7051511930708, -175.6058841222297], [-312.62550055998565, -241.53715452822397], [-311.0372341658077, -176.8480650057702], [-316.5854439049896, -183.15581093795566], [-7.725709606449042, -430.7006302232473], [-21.769677045554133, -362.92345511605254], [-75.80060785607789, -461.7633500772326], [-46.59625749948575, -412.868563773172], [353.1982513484292, -276.99318612705144], [371.5713216299222, -193.15801829873283], [359.12485727666126, -259.20658582257937], [252.94806577055778, -225.48773360142056], [-5.454097315018147, 71.26848948526256], [-227.16745395554648, -119.7783243809939], [52.36924896570608, 186.31550118865587], [283.6746506040315, 18.61335005320503], [-139.29264437685498, -23.99578719648378], [235.39926107500517, 143.31237750586322]]
sumOfVideo4
baseCapacity:[200, 50, 50, 50, 50, 50, 50]
VNTimes:78
VN:[[1, 1, 1, 0, 1, 1, 1, 1, 0, 0, 1, 1, 1, 0, 1, 1, 0, 1, 1, 0, 0, 1, 0, 1, 0, 0, 0, 1, 1, 0], [1, 1, 1, 1, 0, 1, 1, 1, 1, 1, 1, 1, 1, 1, 1, 1, 1, 1, 0, 0, 1, 1, 1, 1, 1, 1, 0, 0, 0, 0], [1, 1, 1, 1, 1, 1, 1, 1, 0, 0, 0, 1, 1, 0, 0, 0, 1, 0, 0, 1, 1, 1, 0, 1, 1, 1, 0, 0, 0, 1], [1, 1, 1, 0, 1, 0, 1, 1, 0, 0, 1, 0, 1, 1, 1, 0, 1, 1, 1, 1, 1, 0, 1, 0, 1, 0, 1, 1, 0, 0]]