sumOfBase:7
sumOfChannels:55
powerOfBase:[20, 1, 1, 1, 1, 1, 1]
locationOfBase:[[0, 0], [346, 200], [0, 400], [-346, 200], [-346, -200], [0, -400], [346, -200]]
sumOfUser:55
locationOfUser:[[290.20271070179786, 160.0450625205006], [435.3876846440767, 160.38175778364507], [386.2314663732655, 195.6115017811357], [351.82577624252355, 131.82116545774673], [319.7645542460518, 252.55944205256495], [431.9826140857326, 150.728156214331], [347.1703515731799, 120.16874445855858], [22.554790742166468, 309.86441952965174], [19.37159366871846, 346.85868641541987], [27.475438458774537, 351.87507688807045], [-89.16990274969872, 429.39355766002444], [-50.13483536561429, 381.64672092908353], [89.26448512253576, 409.8912386240919], [-41.410215730861275, 319.88698050036834], [-316.84966154121014, 143.04054838721692], [-275.8145183457967, 200.39905764291743], [-387.06984142414797, 213.74572448749308], [-373.62743604745265, 109.28748498905], [-398.9328071745376, 271.9784921136459], [-307.3205514744285, 181.48406576906586], [-368.1914350898075, 287.53350789717393], [-265.3506612534168, -202.0177956841583], [-266.1875065859062, -251.9610057896286], [-334.7507057248058, -265.440967069649], [-311.6079006654109, -115.09945887253991], [-342.0316725917582, -238.48507004934942], [-329.8357304633636, -142.44392728885492], [-361.914772893368, -297.7251268059195], [-46.18453256620704, -420.8566284840644], [16.037569646213125, -491.3029774571131], [-12.439983492234061, -444.2557053408011], [-3.732211695489424, -339.1453072860404], [-49.58119869098623, -437.3258835567317], [81.3157090018941, -368.74722418922335], [11.602253923749632, -389.64537338299135], [351.275166541503, -184.8219963941972], [422.79949426922826, -172.60479571938998], [318.2486323325476, -273.0369096248576], [423.35790658460587, -171.33086069728705], [335.60957378229205, -195.81331379272825], [378.9633508113067, -221.1738724346766], [382.5369914374049, -162.75820926992463], [264.6463690091611, -79.9337555892073], [103.64450624342868, 150.97412041625395], [-25.45387011979685, 235.77979583238186], [-256.3129959686881, 58.449176104266805], [-6.375029167290486, -51.68385322081824], [243.43069574475754, -132.64363476707973], [-86.6068494822059, 26.397556253275948], [-285.94811333956704, 135.74874418291247], [185.13882619400198, 12.965955630865478], [-113.12851483053464, 58.13787883668539], [-173.3568625606979, -73.19826091398076], [24.180401720336956, -92.98883096511726], [205.46293015761032, 181.75414981926306]]
sumOfVideo4
baseCapacity:[200, 50, 50, 50, 50, 50, 50]
VNTimes:164
VN:[[1, 1, 1, 1, 1, 1, 1, 1, 1, 1, 1, 1, 1, 1, 1, 0, 1, 0, 0, 0, 1, 1, 0, 1, 0, 1, 0, 1, 1, 1, 1, 1, 1, 1, 1, 1, 1, 1, 1, 1, 1, 1, 0, 1, 0, 0, 1, 1, 0, 1, 0, 1, 1, 1, 0], [1, 1, 1, 0, 0, 1, 1, 0, 0, 1, 1, 1, 1, 0, 1, 1, 1, 1, 1, 1, 1, 0, 0, 1, 0, 1, 1, 1, 1, 1, 1, 1, 1, 1, 1, 1, 1, 0, 1, 1, 1, 0, 1, 1, 0, 0, 1, 1, 0, 0, 0, 0, 0, 0, 0], [1, 1, 1, 1, 1, 1, 1, 1, 1, 0, 1, 0, 1, 0, 1, 1, 1, 1, 0, 1, 1, 1, 1, 1, 1, 1, 1, 1, 1, 1, 1, 1, 1, 1, 0, 0, 1, 1, 1, 1, 1, 0, 1, 1, 1, 1, 1, 1, 1, 0, 0, 0, 0, 0, 0], [1, 0, 1, 1, 1, 1, 1, 1, 1, 1, 1, 1, 1, 1, 1, 1, 1, 1, 1, 1, 1, 1, 1, 1, 1, 1, 1, 1, 1, 1, 1, 0, 1, 0, 1, 1, 1, 1, 1, 1, 1, 1, 0, 1, 0, 1, 0, 0, 0, 0, 1, 1, 0, 0, 1]]
noiseOfBase:[3.1999999999999997e-12, 1e-10, 1e-10, 1e-10, 1e-10, 1e-10, 1e-10]
sizeOfPopulation:50
iterations:3000
