sumOfBase:7
sumOfChannels:70
powerOfBase:[20, 1, 1, 1, 1, 1, 1]
locationOfBase:[[0, 0], [346, 200], [0, 400], [-346, 200], [-346, -200], [0, -400], [346, -200]]
sumOfUser:40
locationOfUser:[[281.622081913836, 243.20416028779306], [288.6637135027538, 161.3670763077372], [335.72116023817887, 116.90906875013799], [372.02472222227885, 211.40776173222133], [410.7159533305936, 138.90320266389762], [-20.651651299869776, 329.7894692458992], [-65.17467918455138, 344.2421200263552], [44.3557328378118, 418.28336787290135], [-60.54341486631787, 451.53912548850695], [47.29257673382302, 392.1879534059036], [-287.9325543730142, 280.64884550497504], [-439.33420711352255, 213.9254467051427], [-306.7989101458675, 155.89386855565044], [-395.81940684017366, 116.93953410951318], [-363.29320180416073, 260.3746688443936], [-342.2122914504755, -231.2659842899312], [-319.38809106232935, -245.88626002638455], [-302.5840313905983, -138.9661794228837], [-269.1736198608263, -156.9748337190926], [-297.4870773835184, -257.977628204472], [95.75917358372648, -383.1380988663688], [-29.576248495363693, -492.44581454650665], [-83.18797471720414, -400.20649387291746], [73.51688565965027, -460.51715016460355], [-80.73213183248807, -409.12508940097706], [340.5778757539158, -269.4952242146993], [435.43091429619443, -194.20978395562005], [311.47315884014466, -218.38578107806663], [329.23760956558203, -213.07153248773776], [345.61705820931724, -256.92046490526104], [213.09257149008246, 9.30100469056125], [-80.15338293170733, 152.84301104409894], [-4.133137946695556, 194.5006763222299], [187.83122146675933, 152.1276081935591], [-282.6950468242219, 100.87228735674297], [-140.73671594824035, 25.027466917842162], [-29.49707778376227, 115.7126739494962], [247.55951001764893, -163.39964224006295], [127.60253408692924, -4.544140780512728], [7.499630120999392, -198.93904342543587]]
sumOfVideo4
baseCapacity:[200, 50, 50, 50, 50, 50, 50]
VNTimes:109
VN:[[1, 1, 1, 1, 1, 1, 1, 0, 1, 1, 1, 0, 1, 0, 0, 1, 1, 1, 1, 1, 0, 1, 1, 1, 1, 1, 0, 1, 1, 0, 1, 1, 1, 0, 0, 0, 0, 0, 1, 1], [1, 1, 0, 1, 1, 1, 0, 1, 1, 1, 0, 1, 0, 0, 1, 1, 1, 0, 0, 1, 1, 0, 1, 1, 1, 1, 1, 1, 0, 1, 1, 0, 0, 0, 1, 0, 1, 0, 0, 1], [1, 1, 1, 1, 0, 1, 1, 1, 1, 1, 1, 1, 1, 1, 1, 1, 1, 1, 1, 1, 0, 1, 1, 0, 1, 1, 1, 1, 1, 1, 1, 0, 1, 0, 0, 0, 0, 1, 0, 1], [0, 0, 1, 1, 1, 0, 1, 1, 0, 0, 1, 1, 1, 1, 1, 1, 1, 0, 0, 0, 1, 1, 1, 1, 1, 0, 1, 1, 0, 0, 0, 0, 0, 1, 1, 0, 1, 1, 1, 1]]
noiseOfBase:[3.1999999999999997e-12, 1e-10, 1e-10, 1e-10, 1e-10, 1e-10, 1e-10]
sizeOfPopulation:50
iterations:3000
